38.7425
44.8107
50.2361
55.083
59.4452
63.3531
66.8703
70.0357
72.8666
75.4144
77.7075
71.9577
74.5964
76.9893
71.3113
74.0507
76.5161
70.9035
73.6476
76.0993
70.4744
73.2254
75.6654
70.0478
72.8055
75.3054
77.5194
71.6804
74.2029
76.4191
70.5822
73.1424
75.4467
77.5205
71.5554
74.0004
76.2008
70.3677
72.8774
75.1002
77.0646
70.9832
73.3233
75.4115
77.2368
70.9761
73.083
74.9792
76.6857
70.3901
72.5556
74.4865
76.2063
77.7362
71.2636
73.2517
75.023
76.6172
70.2205
72.2409
74.0593
75.6958
77.1687
70.6628
72.621
74.3834
75.9515
77.3449
70.8034
72.6935
74.3766
75.8735
77.2026
70.5673
72.3911
74.0144
75.4215
76.6698
77.7753
70.9388
72.6174
74.1281
75.4878
76.7295
70.0695
71.8711
73.4024
74.7627
75.9689
77.0545
70.218
71.8787
73.3553
74.6662
75.8281
76.8558
77.7627
70.7654
72.2633
73.6115
74.8248
75.8988
76.8654
77.7353
70.7228
72.189
73.4906
74.644
75.6821
76.6343
77.4914
70.4672
71.941
73.2854
74.4953
75.5663
76.5121
77.3814
70.3142
71.7493
73.0048
74.1168
75.1356
76.0525
76.8778
77.6205
70.4754
71.8584
73.085
74.207
75.2167
76.1076
76.9093
77.6128
70.4325
71.7838
72.9819
74.0422
74.9964
75.8553
76.6282
77.3239
70.1185
71.4471
72.6429
73.7011
74.6534
75.5106
76.282
76.9583
77.5849
70.3354
71.6064
72.7502
73.7797
74.7062
75.54
76.2905
76.9479
77.5396
70.2586
71.5193
72.6718
73.6731
74.5743
75.4033
76.1495
76.821
77.4254
70.1738
71.4969
72.6877
73.7414
74.7078
75.5415
76.3278
77.0535
77.7066
70.463
71.7751
72.9741
74.1072
75.1269
76.0267
76.8545
77.5815
70.4404
71.8268
73.0746
74.1976
75.2083
76.154
77.0231
77.8052
70.7137
72.1448
73.4688
74.6424
75.8066
76.7825
77.7147
70.7222
72.2245
73.6125
74.8617
75.968
76.9997
70.1507
71.7821
73.2504
74.5898
75.8133
76.9505
70.1784
71.8791
73.4636
74.8717
76.139
77.2796
70.4927
72.2699
73.8514
75.2747
76.5557
77.7626
71.0174
72.7601
74.3466
75.8104
77.1278
70.5
72.3305
74.0139
75.511
76.8584
70.2936
72.1987
73.8953
75.4402
76.8307
70.2866
72.2284
73.9581
75.5327
76.9499
70.4299
72.3934
74.1606
75.733
77.1482
70.6263
72.5702
74.3196
75.8942
77.3292
70.7893
72.7168
74.4696
76.0471
77.4849
70.9834
72.9096
74.6431
76.2032
77.6074
71.0577
72.9764
74.7212
76.2736
77.7067
71.183
73.0892
74.8047
76.3668
77.7906
71.2405
73.1409
74.8513
76.3907
77.7941
71.2437
73.1618
74.8701
76.4255
70.012
72.0533
73.8904
75.5438
1190
Heater was on for 1190 minutes.