34.7095
37.2735
39.6993
41.9989
44.1634
46.2198
48.1633
49.9846
51.6949
53.2846
54.8049
56.2492
57.6212
58.8496
59.9567
60.9783
61.9139
62.7777
63.5783
64.3239
65.0022
65.6316
66.2445
66.8368
67.3645
67.8657
68.267
68.6431
68.9904
69.3204
69.6489
69.946
70.2632
70.5645
70.8308
71.1137
71.3626
71.5639
71.7552
71.937
72.1096
72.2736
72.4045
72.5187
72.6173
72.7309
72.8389
72.9314
73.0344
73.1272
73.1953
73.24
73.2675
73.3037
73.338
73.3706
73.3915
73.4
73.4195
73.463
73.5144
73.5732
73.619
73.6425
73.6209
73.6004
73.5809
73.5373
73.5009
73.4864
73.5116
73.4965
73.4722
73.4391
73.4276
73.3717
73.3286
73.2877
73.2138
73.1236
73.028
72.9571
72.8697
72.8067
72.7569
72.6795
72.6261
72.5903
72.5662
72.5824
72.6078
72.5679
72.545
72.4983
72.4439
72.4022
72.3626
72.3149
72.2897
72.2997
72.2552
72.188
72.0941
71.9949
71.9006
71.8311
71.755
71.6828
71.6241
71.5684
71.5055
71.4457
71.3739
71.3057
71.221
71.1604
71.1079
71.058
71.0056
70.9458
70.904
70.8643
70.8366
70.7753
70.717
70.6717
70.6186
70.5782
70.5297
70.4738
70.4206
70.38
70.3665
70.3487
70.3368
70.3644
70.4107
70.4697
70.5557
70.6374
70.73
70.848
70.9751
71.1309
71.3088
71.4929
71.6777
71.8734
72.0942
72.329
72.572
72.8129
73.0568
73.3184
73.577
73.8477
74.1148
74.3786
74.6541
74.9409
75.2234
75.5217
75.8201
76.1236
76.4269
76.7251
77.0383
77.3409
77.6284
77.9114
78.1904
78.4754
78.7461
79.0033
79.2626
79.529
79.782
80.0374
80.3001
80.5596
80.7961
81.0208
81.2442
81.4665
81.6827
81.8881
82.0932
82.288
82.4831
82.6685
82.8545
83.0313
83.2342
83.427
83.6202
83.8187
84.0272
84.1904
84.3154
84.4441
84.5964
84.7411
84.8835
85.0738
85.2446
85.4469
85.5991
85.7536
85.9004
86.0599
86.1764
86.3221
86.4405
86.573
86.6988
86.8084
86.9375
87.0451
87.1023
87.1367
87.1994
87.3039
87.4182
87.5568
87.6685
87.7945
87.9193
88.0328
88.1457
88.2379
88.3255
88.4187
88.5323
88.6202
88.7037
88.768
88.8441
88.9264
89.0146
89.0883
89.1584
89.235
89.2978
89.3874
89.4625
89.5339
89.6117
89.6656
89.7268
89.8
89.8645
89.9158
89.9745
90.0352
90.088
90.1281
90.1172
90.1068
90.092
90.1219
90.1603
90.1478
90.1009
90.0663
90.0775
89.9891
89.8452
89.7434
89.6718
89.5687
89.4457
89.3189
89.2235
89.1078
88.9679
88.81
88.65
88.563
88.5054
88.4606
88.4281
88.3772
88.3288
88.2729
88.2197
88.1692
88.1313
88.0852