# These are NCEI-recorded air temperatures from Champaign IL from Jan 19, 2020 0:00 to 23:55, in F.
21.38
21.38
21.02
20.66
20.66
20.48
20.48
20.48
20.3
20.3
20.3
20.3
20.3
20.48
20.3
20.66
20.66
20.48
20.3
20.12
19.94
19.94
19.58
19.58
19.58
19.76
19.4
19.22
18.86
18.32
18.14
18.14
18.14
18.14
17.96
17.96
17.96
17.96
17.42
17.06
16.7
16.34
16.34
16.16
15.62
14.72
14
14
14
13.82
14
13.82
13.64
13.46
13.1
13.1
12.92
12.92
12.74
12.38
12.38
12.38
12.38
12.2
12.2
12.2
12.02
11.84
12.02
11.66
11.48
11.3
11.12
10.94
10.76
10.58
10.04
9.86
9.68
9.5
9.68
9.68
9.68
9.86
10.22
10.04
9.14
8.96
8.78
8.78
8.78
8.78
8.6
8.42
8.24
8.06
7.88
7.88
7.7
7.7
7.7
7.52
7.52
7.52
7.7
7.34
7.16
6.98
6.98
7.16
7.16
7.34
7.16
7.34
7.34
7.16
6.98
7.16
6.8
6.62
6.26
6.08
6.26
6.26
6.26
6.26
6.26
6.26
6.08
6.26
6.26
6.08
6.08
5.9
5.9
5.9
5.72
5.54
5.54
5.54
5.54
5.54
5.36
5.36
5.36
5.18
5.18
5.18
5.18
5
5.18
5.18
5
5
5
5
5
5
4.82
4.82
4.82
4.82
5
4.64
4.64
4.82
4.82
4.82
4.82
5
5.36
5.36
5.18
5.36
5
5.36
5.54
5.54
5.36
5.54
5.72
6.26
6.26
6.08
6.26
6.08
6.26
6.26
6.26
6.26
6.26
6.62
6.8
6.8
6.98
6.98
7.34
7.16
8.24
7.52
8.06
7.88
7.7
8.06
8.06
7.88
8.24
8.6
8.42
8.42
8.6
8.78
9.14
9.32
9.14
9.68
9.5
9.5
9.5
9.5
10.22
10.04
10.04
10.04
10.58
10.4
10.4
10.58
10.94
10.94
10.94
10.76
11.12
10.94
10.94
11.3
11.3
11.12
11.3
11.3
11.48
11.66
11.48
11.66
11.66
11.84
12.02
12.02
11.84
11.84
12.02
12.02
12.02
12.02
12.2
12.02
12.02
12.2
12.2
12.38
12.56
12.2
12.2
12.2
12.2
12.2
12.2
12.38
12.2
12.56
12.56
12.2
12.2
12.38
12.56
12.38
12.2
12.2
12.2
12.38
12.38
12.38
12.2
12.38
12.38
12.38
12.38
12.38