# These are NCEI-recorded air temperatures from Champaign IL from July 7, 2020 0:00 to 23:55, in F.
86.0
85.8
85.6
85.5
85.1
85.1
84.9
84.4
84.0
83.3
83.5
83.5
83.5
82.0
80.8
80.2
79.5
79.0
78.6
78.3
77.7
77.4
77.7
77.9
77.2
77.2
75.7
75.6
75.4
75.4
75.7
75.4
76.1
76.1
75.7
76.3
75.9
75.2
75.2
75.2
75.2
75.2
74.7
74.5
74.3
74.7
74.7
74.5
74.8
74.7
74.3
73.9
73.6
73.8
73.8
73.8
73.6
73.4
73.6
74.1
74.3
74.5
74.3
73.9
73.4
73.4
73.4
72.9
73.0
73.4
73.8
73.4
73.2
73.0
73.4
72.5
72.7
72.7
72.0
71.6
71.4
71.8
71.4
71.8
72.0
71.4
71.8
72.1
72.3
72.7
72.9
72.0
72.3
71.8
71.6
71.8
71.8
71.6
72.0
72.3
71.6
71.1
70.5
70.3
70.3
70.7
70.5
70.5
70.7
70.7
70.5
70.5
70.2
70.2
69.8
70.2
70.3
70.3
70.2
70.0
70.3
70.3
70.5
69.8
69.8
70.0
69.8
70.0
69.8
69.6
69.6
69.8
70.3
70.2
70.3
70.7
71.1
71.4
72.0
72.0
72.3
72.9
73.2
73.9
74.5
74.8
75.0
75.4
76.1
76.6
77.0
77.2
77.5
78.1
78.3
78.8
79.0
79.2
79.7
80.2
80.4
81.0
81.3
81.7
82.0
82.2
82.8
82.9
82.9
83.1
83.3
83.7
83.7
83.7
84.0
84.4
84.4
84.7
85.1
85.3
85.1
85.1
85.3
85.5
85.6
85.6
85.8
85.8
86.0
86.0
86.2
86.2
86.9
86.9
87.1
87.4
87.8
87.1
86.5
86.7
87.3
87.3
87.4
88.5
88.3
89.1
88.3
88.5
88.5
88.9
88.2
88.9
88.5
88.9
88.9
88.7
89.2
88.9
88.0
87.6
88.2
89.1
89.4
90.0
89.6
90.0
90.1
90.0
90.1
89.8
89.8
90.0
90.5
90.1
90.1
89.8
90.1
90.3
90.5
90.3
90.3
90.5
90.3
90.9
90.7
90.7
90.9
90.5
90.7
91.0
90.9
90.7
90.9
91.0
90.9
90.7
90.1
90.1
90.0
90.5
90.7
90.1
89.4
89.6
90.1
88.5
87.3
88.0
88.5
87.8
87.3
87.1
87.6
87.1
86.5
86.0
85.8
87.1
87.6
87.8
88.0
87.6
87.6
87.4
87.4
87.4
87.6
87.4