29.868
28.1624
26.7259
25.5047
24.5278
23.7102
23.0562
22.5329
22.0784
21.7147
21.4237
21.191
21.0048
20.8918
20.7655
20.7364
20.7131
20.6585
20.5788
20.479
20.3632
20.2706
20.1245
20.0076
19.9141
19.8752
19.7722
19.6538
19.487
19.2456
19.0165
18.8332
18.6865
18.5692
18.4394
18.3355
18.2524
18.1859
18.0247
17.8238
17.591
17.3328
17.1263
16.925
16.656
16.2608
15.8006
15.4325
15.138
14.8664
14.6851
14.5041
14.3233
14.1426
13.9261
13.7529
13.5783
13.4386
13.2909
13.1007
12.9486
12.8269
12.7295
12.6156
12.5245
12.4516
12.3573
12.2458
12.1926
12.0781
11.9505
11.8124
11.6659
11.5127
11.3542
11.1913
10.9531
10.7265
10.5092
10.2993
10.1675
10.062
9.97758
9.94606
10.0089
10.0231
9.83846
9.65477
9.47182
9.32545
9.20836
9.11469
9.00375
8.879
8.7432
8.59856
8.44685
8.32548
8.19238
8.08591
8.00073
7.89658
7.81326
7.74661
7.72929
7.64343
7.53875
7.419
7.3232
7.28256
7.25005
7.27604
7.24483
7.27186
7.29349
7.25879
7.19503
7.18003
7.09602
6.99282
6.83825
6.6786
6.58688
6.51351
6.4548
6.40784
6.37028
6.34022
6.28018
6.26814
6.26
6.216
6.1808
6.11664
6.06531
6.02425
5.9554
5.86432
5.79146
5.73316
5.68653
5.64923
5.58338
5.5307
5.48856
5.41885
5.36308
5.31846
5.28277
5.21822
5.20257
5.19006
5.14405
5.10724
5.07779
5.05423
5.03539
5.02031
4.97225
4.9338
4.90304
4.87843
4.91074
4.8486
4.79888
4.8111
4.82
4.82
4.82
4.864
4.9712
5.05696
5.08957
5.15165
5.11332
5.17066
5.25253
5.31802
5.33442
5.38353
5.45883
5.62706
5.76165
5.83332
5.92666
5.96532
6.03226
6.08581
6.12865
6.16292
6.19033
6.28427
6.39541
6.48433
6.59146
6.67717
6.81774
6.89419
7.17135
7.24908
7.41927
7.51941
7.56353
7.67082
7.75666
7.78933
7.88746
8.03797
8.12238
8.1899
8.27992
8.38794
8.54635
8.70908
8.80326
8.98661
9.09729
9.18583
9.25666
9.31333
9.50267
9.61813
9.71051
9.7844
9.95152
10.0492
10.1274
10.2259
10.3767
10.4974
10.5939
10.6351
10.7401
10.7881
10.8265
10.9292
11.0113
11.0411
11.1009
11.1487
11.2229
11.3184
11.3587
11.4269
11.4816
11.5612
11.661
11.7408
11.7686
11.7909
11.8447
11.8878
11.9222
11.9498
12.0078
12.0183
12.02
12.064
12.0992
12.1634
12.2507
12.2326
12.218
12.2064
12.2
12.2
12.2
12.244
12.2272
12.3018
12.3614
12.3211
12.2889
12.3151
12.3721
12.38
12.336
12.3008
12.2726
12.3021
12.3257
12.3446
12.3076
12.3301
12.3481
12.3625
12.374
12.38