34.7095
37.2735
39.6993
41.9989
44.1634
46.2198
48.1633
49.9846
51.6949
53.2846
54.8049
56.2492
57.6212
58.8496
59.9567
60.9783
61.9139
62.7777
63.5783
64.3239
65.0022
65.6316
66.2445
66.8368
67.3645
67.8657
68.267
68.6431
68.9904
69.3204
69.6489
69.946
70.2632
70.5645
70.8308
71.1137
71.3626
71.5639
71.7552
71.937
72.1096
72.2736
72.4045
72.5187
72.6173
72.7309
72.8389
72.9314
73.0344
73.1272
73.1953
73.24
73.2675
73.3037
73.338
73.3706
73.3915
73.4
73.4195
73.463
73.5144
73.5732
73.619
73.6425
73.6209
73.6004
73.5809
73.5373
73.5009
73.4864
73.5116
73.4965
73.4722
73.4391
73.4276
73.3717
73.3286
73.2877
73.2138
73.1236
73.028
72.9571
72.8697
72.8067
72.7569
72.6795
72.6261
72.5903
72.5662
72.5824
72.6078
72.5679
72.545
72.4983
72.4439
72.4022
72.3626
72.3149
72.2897
72.2997
72.2552
72.188
72.0941
71.9949
71.9006
71.8311
71.755
71.6828
71.6241
71.5684
71.5055
71.4457
71.3739
71.3057
71.221
71.1604
71.1079
71.058
71.0056
70.9458
70.904
70.8643
70.8366
70.7753
70.717
70.6717
70.6186
70.5782
70.5297
70.4738
70.4206
70.38
70.3665
70.3487
70.3368
70.3644
70.4107
70.4697
70.5557
70.6374
70.73
70.848
70.9751
71.1309
71.3088
71.4929
71.6777
71.8734
72.0942
72.329
72.572
72.8129
73.0568
73.3184
73.577
73.8477
74.1148
74.3786
74.6541
74.9409
70.6091
71.1382
71.6558
72.1675
72.6686
73.1547
73.6464
74.1186
74.5672
70.3891
71.0441
71.6864
72.2966
72.8763
73.4419
73.9994
74.5289
70.4327
71.1756
71.8913
72.5612
73.1977
73.8123
74.4062
74.9754
70.9018
71.6562
72.3729
73.0638
73.7201
74.3536
74.9554
70.9479
71.755
72.5317
73.2847
74.0199
74.6834
70.6695
71.4805
72.281
73.0415
73.7689
74.5149
70.5994
71.534
72.3818
73.1972
73.9718
74.7277
70.7966
71.7113
72.5602
73.3867
74.1719
74.9078
71.0176
71.9212
72.7347
73.4875
74.2326
74.9855
71.1014
72.0559
72.9426
73.8049
74.6292
70.793
71.7678
72.6789
73.5445
74.3768
70.5782
71.5638
72.5001
73.3746
74.2204
70.4196
71.4331
72.3859
73.2912
74.1611
74.9775
71.1689
72.155
73.0917
73.9916
74.8266
71.0155
72.0242
72.9775
73.8731
74.734
70.9425
71.9499
72.8969
73.7665
74.5927
70.7583
71.7549
72.7117
73.5906
74.3906
70.5463
71.5335
72.3913
73.1462
73.8984
74.638
70.6914
71.5313
72.3192
73.0928
73.8026
74.447
70.4199
71.1984
72.003
72.7923
73.5522
74.2841
74.9594
70.9867
71.8168
72.6055
73.3547
74.0765
74.7522
AC was on for 105 minutes.